../Train/002/soda_037.jpg 219,331,257,392,0
../Train/002/soda_038.jpg 332,256,387,297,0
../Train/002/soda_031.jpg 170,359,231,411,0
../Train/002/soda_010.jpg 199,400,266,441,0
../Train/002/soda_009.jpg 181,344,235,398,0
../Train/002/soda_033.jpg 307,379,338,437,0
../Train/002/soda_003.jpg 274,296,332,349,0
../Train/002/soda_000.jpg 360,252,415,303,0
../Train/002/soda_026.jpg 208,357,249,414,0
../Train/002/soda_012.jpg 204,358,267,418,0
../Train/002/soda_032.jpg 379,269,429,303,0
../Train/002/soda_023.jpg 187,372,235,438,0
../Train/002/soda_029.jpg 159,338,212,397,0
../Train/002/soda_019.jpg 159,245,203,306,0
../Train/002/soda_014.jpg 323,343,362,400,0
../Train/002/soda_015.jpg 128,303,193,343,0
../Train/002/soda_007.jpg 122,207,190,276,0
../Train/002/soda_028.jpg 250,292,291,348,0
../Train/002/soda_022.jpg 184,410,242,449,0
../Train/002/soda_020.jpg 137,369,190,431,0
../Train/002/soda_025.jpg 199,298,264,344,0
../Train/002/soda_001.jpg 269,312,315,370,0
../Train/002/soda_016.jpg 193,347,226,398,0
../Train/002/soda_002.jpg 193,362,260,413,0
../Train/002/soda_036.jpg 188,215,239,270,0
../Train/002/soda_034.jpg 213,408,248,469,0
../Train/002/soda_027.jpg 200,359,267,407,0
../Train/002/soda_008.jpg 173,398,239,446,0
../Train/002/soda_021.jpg 238,342,297,374,0
../Train/002/soda_018.jpg 221,352,279,407,0
../Train/002/soda_030.jpg 234,330,278,389,0
../Train/002/soda_004.jpg 320,277,379,333,0
../Train/002/soda_035.jpg 222,336,279,397,0
../Train/002/soda_017.jpg 214,351,275,386,0
../Train/002/soda_011.jpg 153,277,189,343,0
../Train/002/soda_005.jpg 178,270,235,340,0
../Train/002/soda_039.jpg 160,421,220,471,0
../Train/002/soda_024.jpg 191,395,230,454,0
../Train/002/soda_006.jpg 151,290,206,347,0
../Train/002/soda_013.jpg 149,381,190,452,0
