../Train/003/tea_050.jpg 687,368,921,568,2
../Train/003/tea_019.jpg 499,407,679,644,2
../Train/003/tea_022.jpg 423,202,667,435,2
../Train/003/tea_032.jpg 509,5,743,234,2
../Train/003/tea_058.jpg 581,181,827,336,2
../Train/003/tea_068.jpg 721,529,979,682,2
../Train/003/tea_011.jpg 686,86,866,342,2
../Train/003/tea_039.jpg 405,260,547,497,2
../Train/003/tea_004.jpg 543,172,705,425,2
../Train/003/tea_069.jpg 365,439,538,677,2
../Train/003/tea_073.jpg 747,173,960,419,2
../Train/003/tea_048.jpg 526,275,665,508,2
../Train/003/tea_064.jpg 690,43,935,197,2
../Train/003/tea_017.jpg 600,205,837,386,2
../Train/003/tea_042.jpg 426,311,626,564,2
../Train/003/tea_020.jpg 671,164,900,417,2
../Train/003/tea_079.jpg 404,372,652,505,2
../Train/003/tea_035.jpg 347,2,529,237,2
../Train/003/tea_007.jpg 481,421,736,628,2
../Train/003/tea_060.jpg 569,106,812,238,2
../Train/003/tea_024.jpg 623,368,742,613,2
../Train/003/tea_016.jpg 655,410,839,651,2
../Train/003/tea_037.jpg 683,357,920,589,2
../Train/003/tea_018.jpg 368,218,609,347,2
../Train/003/tea_038.jpg 551,286,734,548,2
../Train/003/tea_076.jpg 673,393,875,653,2
../Train/003/tea_043.jpg 510,138,767,331,2
../Train/003/tea_052.jpg 619,142,870,294,2
../Train/003/tea_054.jpg 384,259,537,513,2
../Train/003/tea_046.jpg 662,165,902,344,2
../Train/003/tea_036.jpg 697,92,943,302,2
../Train/003/tea_023.jpg 600,168,764,419,2
../Train/003/tea_066.jpg 598,134,831,272,2
../Train/003/tea_027.jpg 461,467,600,686,2
../Train/003/tea_003.jpg 460,408,707,537,2
../Train/003/tea_009.jpg 647,44,883,254,2
../Train/003/tea_030.jpg 453,273,695,490,2
../Train/003/tea_001.jpg 711,441,950,572,2
../Train/003/tea_077.jpg 384,150,628,284,2
../Train/003/tea_026.jpg 410,187,652,332,2
../Train/003/tea_012.jpg 579,289,822,431,2
../Train/003/tea_008.jpg 657,359,907,550,2
../Train/003/tea_061.jpg 504,351,702,577,2
../Train/003/tea_074.jpg 571,161,758,403,2
../Train/003/tea_045.jpg 654,327,899,535,2
../Train/003/tea_040.jpg 400,194,633,434,2
../Train/003/tea_029.jpg 637,313,891,544,2
../Train/003/tea_031.jpg 541,444,760,684,2
../Train/003/tea_055.jpg 568,318,791,513,2
../Train/003/tea_033.jpg 490,139,708,395,2
../Train/003/tea_014.jpg 380,373,521,608,2
../Train/003/tea_067.jpg 579,325,751,566,2
../Train/003/tea_047.jpg 373,118,600,364,2
../Train/003/tea_025.jpg 371,398,629,563,2
../Train/003/tea_000.jpg 589,212,829,454,2
../Train/003/tea_072.jpg 585,344,810,555,2
../Train/003/tea_010.jpg 454,432,682,632,2
../Train/003/tea_063.jpg 640,344,894,571,2
../Train/003/tea_062.jpg 686,225,837,475,2
../Train/003/tea_078.jpg 505,45,735,282,2
../Train/003/tea_053.jpg 377,108,582,336,2
../Train/003/tea_034.jpg 635,335,823,593,2
../Train/003/tea_028.jpg 628,110,857,363,2
../Train/003/tea_059.jpg 403,149,619,367,2
../Train/003/tea_075.jpg 521,233,783,433,2
../Train/003/tea_005.jpg 389,398,622,574,2
../Train/003/tea_056.jpg 533,392,713,646,2
../Train/003/tea_071.jpg 770,154,959,398,2
../Train/003/tea_015.jpg 596,204,830,344,2
../Train/003/tea_057.jpg 681,316,884,549,2
../Train/003/tea_065.jpg 431,70,682,218,2
../Train/003/tea_013.jpg 627,132,822,356,2
../Train/003/tea_070.jpg 302,211,481,458,2
../Train/003/tea_002.jpg 708,245,890,478,2
../Train/003/tea_021.jpg 680,184,815,419,2
../Train/003/tea_044.jpg 629,312,804,567,2
../Train/003/tea_051.jpg 630,153,867,398,2
../Train/003/tea_041.jpg 521,381,765,544,2
../Train/003/tea_049.jpg 505,243,755,397,2
../Train/003/tea_006.jpg 619,185,871,344,2
../Train/001/bottle_013.jpg 532,91,891,276,0
../Train/001/bottle_020.jpg 328,67,501,426,0
../Train/001/bottle_008.jpg 459,280,791,533,0
../Train/001/bottle_030.jpg 541,182,887,398,0
../Train/001/bottle_036.jpg 519,44,691,404,0
../Train/001/bottle_024.jpg 609,89,780,451,0
../Train/001/bottle_037.jpg 361,266,579,611,0
../Train/001/bottle_027.jpg 410,229,771,357,0
../Train/001/bottle_000.jpg 470,121,668,479,0
../Train/001/bottle_021.jpg 583,135,885,422,0
../Train/001/bottle_035.jpg 562,143,917,332,0
../Train/001/bottle_015.jpg 535,86,674,448,0
../Train/001/bottle_031.jpg 619,41,732,399,0
../Train/001/bottle_002.jpg 398,131,546,493,0
../Train/001/bottle_003.jpg 722,125,961,464,0
../Train/001/bottle_001.jpg 377,261,694,533,0
../Train/001/bottle_033.jpg 576,104,905,367,0
../Train/001/bottle_019.jpg 546,128,824,442,0
../Train/001/bottle_034.jpg 479,71,761,386,0
../Train/001/bottle_023.jpg 468,134,804,371,0
../Train/001/bottle_012.jpg 614,79,975,257,0
../Train/001/bottle_038.jpg 551,4,675,346,0
../Train/001/bottle_039.jpg 356,324,662,619,0
../Train/001/bottle_026.jpg 439,329,800,471,0
../Train/001/bottle_018.jpg 461,179,812,378,0
../Train/001/bottle_009.jpg 451,396,804,605,0
../Train/001/bottle_006.jpg 417,316,643,662,0
../Train/001/bottle_028.jpg 402,152,756,349,0
../Train/001/bottle_029.jpg 542,195,902,323,0
../Train/001/bottle_014.jpg 740,148,902,507,0
../Train/001/bottle_004.jpg 358,168,666,450,0
../Train/001/bottle_016.jpg 580,170,800,514,0
../Train/001/bottle_025.jpg 462,328,822,490,0
../Train/001/bottle_007.jpg 531,86,651,446,0
../Train/001/bottle_032.jpg 543,216,896,420,0
../Train/001/bottle_005.jpg 512,326,852,567,0
../Train/001/bottle_010.jpg 418,62,593,421,0
../Train/001/bottle_022.jpg 704,23,954,355,0
../Train/001/bottle_011.jpg 433,150,746,430,0
../Train/001/bottle_017.jpg 494,253,785,556,0
../Train/002/soda_037.jpg 827,3,964,205,1
../Train/002/soda_038.jpg 737,98,856,295,1
../Train/002/soda_031.jpg 645,432,826,624,1
../Train/002/soda_010.jpg 465,325,583,517,1
../Train/002/soda_009.jpg 392,463,590,638,1
../Train/002/soda_033.jpg 451,245,640,427,1
../Train/002/soda_003.jpg 697,477,894,597,1
../Train/002/soda_000.jpg 791,169,915,362,1
../Train/002/soda_026.jpg 706,444,825,641,1
../Train/002/soda_012.jpg 688,352,889,503,1
../Train/002/soda_032.jpg 765,410,871,608,1
../Train/002/soda_023.jpg 458,140,649,289,1
../Train/002/soda_029.jpg 441,489,642,653,1
../Train/002/soda_019.jpg 412,1,530,183,1
../Train/002/soda_014.jpg 534,543,723,655,1
../Train/002/soda_015.jpg 428,463,629,622,1
../Train/002/soda_007.jpg 600,399,795,528,1
../Train/002/soda_028.jpg 480,435,666,619,1
../Train/002/soda_022.jpg 768,128,950,326,1
../Train/002/soda_020.jpg 657,206,856,341,1
../Train/002/soda_025.jpg 742,307,872,508,1
../Train/002/soda_001.jpg 818,514,1017,680,1
../Train/002/soda_016.jpg 778,58,918,259,1
../Train/002/soda_002.jpg 652,272,847,408,1
../Train/002/soda_036.jpg 666,440,838,635,1
../Train/002/soda_034.jpg 786,465,986,629,1
../Train/002/soda_027.jpg 358,397,469,591,1
../Train/002/soda_008.jpg 746,266,873,462,1
../Train/002/soda_021.jpg 821,2,964,190,1
../Train/002/soda_018.jpg 713,404,898,595,1
../Train/002/soda_030.jpg 827,104,1008,300,1
../Train/002/soda_004.jpg 416,429,556,626,1
../Train/002/soda_035.jpg 559,329,726,526,1
../Train/002/soda_017.jpg 663,187,854,373,1
../Train/002/soda_011.jpg 362,498,560,626,1
../Train/002/soda_005.jpg 731,391,924,577,1
../Train/002/soda_039.jpg 442,422,561,617,1
../Train/002/soda_024.jpg 855,301,1057,431,1
../Train/002/soda_006.jpg 623,391,736,577,1
../Train/002/soda_013.jpg 861,517,1010,686,1
../Train/001/zzz_21.jpg 188,272,649,620,0
../Train/001/zzz_8.jpg 412,179,857,502,0
../Train/001/zzz_13.jpg 409,323,707,720,0
../Train/001/zzz_9.jpg 275,265,764,528,0
../Train/001/zzz_37.jpg 851,182,1030,662,0
../Train/001/zzz_18.jpg 492,208,844,601,0
../Train/001/zzz_14.jpg 560,329,1004,620,0
../Train/001/zzz_23.jpg 755,320,1248,572,0
../Train/001/zzz_16.jpg 771,409,1260,627,0
../Train/001/zzz_26.jpg 393,409,819,736,0
../Train/001/zzz_2.jpg 636,505,1123,723,0
../Train/001/zzz_30.jpg 819,384,1244,723,0
../Train/001/zzz_35.jpg 352,195,774,505,0
../Train/001/zzz_38.jpg 352,233,547,739,0
../Train/001/zzz_39.jpg 816,320,1273,451,0
../Train/001/zzz_12.jpg 636,528,1110,736,0
../Train/001/zzz_5.jpg 524,681,524,681,0
../Train/001/zzz_34.jpg 633,249,937,678,0
../Train/001/zzz_6.jpg 35,150,492,470,0
../Train/001/zzz_40.jpg 201,272,697,425,0
../Train/001/zzz_33.jpg 579,396,1059,688,0
../Train/001/zzz_22.jpg 633,230,982,672,0
../Train/001/zzz_7.jpg 201,451,704,608,0
../Train/001/zzz_19.jpg 460,316,960,608,0
../Train/001/zzz_4.jpg 582,432,1065,588,0
../Train/001/zzz_11.jpg 726,156,1190,384,0
../Train/001/zzz_1.jpg 592,147,1056,422,0
../Train/001/zzz_3.jpg 969,131,1174,620,0
../Train/001/zzz_20.jpg 208,419,675,707,0
../Train/001/zzz_15.jpg 675,195,1113,598,0
../Train/001/zzz_24.jpg 796,483,1270,681,0
../Train/001/zzz_32.jpg 281,441,755,649,0
../Train/001/zzz_17.jpg 697,73,1136,428,0
../Train/001/zzz_31.jpg 374,300,857,489,0
../Train/001/zzz_36.jpg 448,502,944,636,0
../Train/001/zzz_27.jpg 134,169,592,428,0
../Train/001/zzz_10.jpg 278,192,502,678,0
../Train/001/zzz_29.jpg 579,355,899,716,0
../Train/001/zzz_28.jpg 505,179,988,323,0
../Train/001/zzz_25.jpg 793,112,1267,304,0
../Train/002/zzz_21.jpg 745,192,1024,428,1
../Train/002/zzz_8.jpg 691,246,931,499,1
../Train/002/zzz_13.jpg 560,387,800,662,1
../Train/002/zzz_9.jpg 646,345,870,604,1
../Train/002/zzz_37.jpg 976,483,1200,726,1
../Train/002/zzz_18.jpg 265,153,473,412,1
../Train/002/zzz_14.jpg 233,396,521,556,1
../Train/002/zzz_23.jpg 422,310,636,566,1
../Train/002/zzz_16.jpg 768,528,1030,732,1
../Train/002/zzz_26.jpg 598,451,844,707,1
../Train/002/zzz_2.jpg 812,531,1097,720,1
../Train/002/zzz_30.jpg 720,329,966,579,1
../Train/002/zzz_35.jpg 665,409,934,659,1
../Train/002/zzz_38.jpg 755,339,956,601,1
../Train/002/zzz_39.jpg 556,275,822,435,1
../Train/002/zzz_12.jpg 668,169,947,409,1
../Train/002/zzz_5.jpg 310,192,582,416,1
../Train/002/zzz_34.jpg 678,246,934,496,1
../Train/002/zzz_6.jpg 787,444,969,723,1
../Train/002/zzz_40.jpg 288,438,572,652,1
../Train/002/zzz_33.jpg 329,396,608,620,1
../Train/002/zzz_22.jpg 739,473,1020,697,1
../Train/002/zzz_7.jpg 384,502,668,662,1
../Train/002/zzz_19.jpg 486,320,771,550,1
../Train/002/zzz_4.jpg 236,419,531,652,1
../Train/002/zzz_11.jpg 371,377,636,652,1
../Train/002/zzz_1.jpg 681,208,953,448,1
../Train/002/zzz_3.jpg 950,316,1174,566,1
../Train/002/zzz_20.jpg 700,368,953,624,1
../Train/002/zzz_15.jpg 307,195,550,409,1
../Train/002/zzz_24.jpg 444,531,716,720,1
../Train/002/zzz_32.jpg 454,147,726,313,1
../Train/002/zzz_17.jpg 182,416,464,585,1
../Train/002/zzz_31.jpg 262,278,534,515,1
../Train/002/zzz_36.jpg 937,198,1177,460,1
../Train/002/zzz_27.jpg 668,268,918,547,1
../Train/002/zzz_10.jpg 704,534,979,691,1
../Train/002/zzz_29.jpg 524,480,793,723,1
../Train/002/zzz_28.jpg 384,348,646,544,1
../Train/002/zzz_25.jpg 105,227,406,438,1
../Train/002_1/zzz_21.jpg 694,531,966,700,1
../Train/002_1/zzz_8.jpg 627,505,860,736,1
../Train/002_1/zzz_13.jpg 620,428,883,624,1
../Train/002_1/zzz_18.jpg 896,316,1059,572,1
../Train/002_1/zzz_14.jpg 348,451,617,636,1
../Train/002_1/zzz_23.jpg 252,403,537,656,1
../Train/002_1/zzz_16.jpg 268,294,550,521,1
../Train/002_1/zzz_26.jpg 739,403,1020,656,1
../Train/002_1/zzz_2.jpg 508,339,755,595,1
../Train/002_1/zzz_30.jpg 329,515,595,742,1
../Train/002_1/zzz_12.jpg 835,281,1078,534,1
../Train/002_1/zzz_5.jpg 566,272,854,444,1
../Train/002_1/zzz_6.jpg 790,201,1056,448,1
../Train/002_1/zzz_22.jpg 412,435,649,681,1
../Train/002_1/zzz_7.jpg 825,380,1040,636,1
../Train/002_1/zzz_19.jpg 889,300,1052,560,1
../Train/002_1/zzz_4.jpg 380,259,556,518,1
../Train/002_1/zzz_11.jpg 688,230,972,486,1
../Train/002_1/zzz_1.jpg 505,368,745,617,1
../Train/002_1/zzz_3.jpg 627,576,912,742,1
../Train/002_1/zzz_20.jpg 876,291,1065,560,1
../Train/002_1/zzz_15.jpg 300,403,579,649,1
../Train/002_1/zzz_24.jpg 534,419,688,675,1
../Train/002_1/zzz_17.jpg 636,185,905,345,1
../Train/002_1/zzz_31.jpg 297,326,569,550,1
../Train/002_1/zzz_27.jpg 310,454,566,713,1
../Train/002_1/zzz_10.jpg 339,467,595,713,1
../Train/002_1/zzz_29.jpg 752,230,985,464,1
../Train/002_1/zzz_28.jpg 336,281,508,550,1
../Train/002_1/zzz_25.jpg 579,441,732,700,1
